[Groups]
Modes=0
Clipping=0
Builders=0
CSG=0
Misc=0
UserDefined=0

[Viewports]
Style=1
Config=0

[U2Viewport0]
Active=1
RendMap=13
PctLeft=0.000000
PctTop=0.000000
PctRight=0.480000
PctBottom=0.500000
Left=0.000000
Top=0.000000
Right=573.000000
Bottom=459.000000
Device=D3DDrv.D3DRenderDevice

[U2Viewport1]
Active=1
RendMap=14
PctLeft=0.480000
PctTop=0.000000
PctRight=0.520000
PctBottom=0.500000
Left=573.000000
Top=0.000000
Right=621.000000
Bottom=459.000000
Device=D3DDrv.D3DRenderDevice

[U2Viewport2]
Active=1
RendMap=5
PctLeft=0.000000
PctTop=0.500000
PctRight=0.480000
PctBottom=0.500000
Left=0.000000
Top=459.000000
Right=573.000000
Bottom=459.000000
Device=D3DDrv.D3DRenderDevice

[U2Viewport3]
Active=1
RendMap=15
PctLeft=0.480000
PctTop=0.500000
PctRight=0.520000
PctBottom=0.500000
Left=573.000000
Top=459.000000
Right=621.000000
Bottom=459.000000
Device=D3DDrv.D3DRenderDevice

[Directories]
PCX=C:\duke4\Textures
WAV=..\sounds
BRUSH=..\maps
2DS=..\maps

[Background Image]
Active=0
Mode=0
Filename=

[Sound Browser]
Active=0
Docked=0
X=0
Y=0
W=512
H=384

[Music Browser]
Active=1
Docked=1
X=262
Y=275
W=681
H=405

[Group Browser]
Active=1
Docked=1
X=262
Y=275
W=681
H=405

[Master Browser]
Active=0
Docked=0
X=250
Y=193
W=705
H=499

[Actor Browser]
ShowPackages=1
Active=1
Docked=1
X=262
Y=275
W=681
H=405

[Texture Browser]
Zoom=128
Active=1
Docked=1
X=262
Y=275
W=681
H=405
MRUItem0=C:\duke4\Textures\snarg1.dtx
MRUItem1=C:\duke4\Textures\t_test.Dtx

[Mesh Browser]
Active=1
Docked=1
X=262
Y=275
W=681
H=405

[CodeFrame]
Active=5898309
X=164
Y=292
W=512
H=384

[MRU]
MRUItem0=C:\Users\virj\Documents\GitHub\_OzyGits\DNF2001-Ozy\DNF2001-LeakOzyRepo\Unstable\maps\!z1l0_1.dnf

