[Groups]
Modes=0
Clipping=0
Builders=0
CSG=0
Misc=0
UserDefined=0

[Viewports]
Style=1
Config=0

[U2Viewport0]
Active=1
RendMap=13
PctLeft=0.000000
PctTop=0.000000
PctRight=0.480000
PctBottom=0.500000
Left=0.000000
Top=0.000000
Right=573.000000
Bottom=459.000000
Device=D3DDrv.D3DRenderDevice

[U2Viewport1]
Active=1
RendMap=14
PctLeft=0.480000
PctTop=0.000000
PctRight=0.520000
PctBottom=0.500000
Left=573.000000
Top=0.000000
Right=621.000000
Bottom=459.000000
Device=D3DDrv.D3DRenderDevice

[U2Viewport2]
Active=1
RendMap=5
PctLeft=0.000000
PctTop=0.500000
PctRight=0.480000
PctBottom=0.500000
Left=0.000000
Top=459.000000
Right=573.000000
Bottom=459.000000
Device=D3DDrv.D3DRenderDevice

[U2Viewport3]
Active=1
RendMap=15
PctLeft=0.480000
PctTop=0.500000
PctRight=0.520000
PctBottom=0.500000
Left=573.000000
Top=459.000000
Right=621.000000
Bottom=459.000000
Device=D3DDrv.D3DRenderDevice

[Directories]
PCX=C:\duke4\Textures
WAV=..\sounds
BRUSH=..\maps
2DS=..\maps

[Background Image]
Active=0
Mode=0
Filename=

[MRU]
MRUItem0=

[Sound Browser]
Active=0
Docked=0
X=0
Y=0
W=512
H=384
MRUItem0=

[Music Browser]
Active=1
Docked=1
X=725
Y=214
W=488
H=290

[Group Browser]
Active=0
Docked=0
X=318
Y=374
W=512
H=384

[Master Browser]
Active=1
Docked=0
X=713
Y=132
W=512
H=384

[Actor Browser]
ShowPackages=1
Active=0
Docked=0
X=648
Y=576
W=512
H=384

[Texture Browser]
Zoom=128
Active=0
Docked=0
X=181
Y=229
W=662
H=490
MRUItem0=

[Mesh Browser]
Active=1
Docked=0
X=97
Y=119
W=1071
H=828

[CodeFrame]
Active=5898309
X=164
Y=292
W=512
H=384

