[Groups]
Modes=0
Clipping=0
Builders=0
CSG=0
Misc=0
UserDefined=0

[Viewports]
Style=1
Config=0

[U2Viewport0]
Active=1
RendMap=13
PctLeft=0.000000
PctTop=0.000000
PctRight=0.480000
PctBottom=0.500000
Left=0.000000
Top=0.000000
Right=573.000000
Bottom=459.000000
;Device=D3DDrv.D3DRenderDevice
Device=SoftDrv.SoftwareRenderDevice

[U2Viewport1]
Active=1
RendMap=14
PctLeft=0.480000
PctTop=0.000000
PctRight=0.520000
PctBottom=0.500000
Left=573.000000
Top=0.000000
Right=621.000000
Bottom=459.000000
;Device=D3DDrv.D3DRenderDevice
Device=SoftDrv.SoftwareRenderDevice

[U2Viewport2]
Active=1
RendMap=6
PctLeft=0.000000
PctTop=0.500000
PctRight=0.480000
PctBottom=0.500000
Left=0.000000
Top=459.000000
Right=573.000000
Bottom=459.000000
Device=D3DDrv.D3DRenderDevice
;Device=SoftDrv.SoftwareRenderDevice

[U2Viewport3]
Active=1
RendMap=15
PctLeft=0.480000
PctTop=0.500000
PctRight=0.520000
PctBottom=0.500000
Left=573.000000
Top=459.000000
Right=621.000000
Bottom=459.000000
;Device=D3DDrv.D3DRenderDevice
Device=SoftDrv.SoftwareRenderDevice

[Directories]
PCX=..\textures
WAV=..\sounds
BRUSH=..\maps
2DS=..\maps

[Background Image]
Active=0
Mode=0
Filename=

[MRU]
MRUItem0=

[Sound Browser]
Active=1
Docked=1
X=330
Y=267
W=488
H=450
MRUItem0=

[Music Browser]
Active=1
Docked=1
X=330
Y=267
W=488
H=450
MRUItem0=

[Group Browser]
Active=1
Docked=1
X=330
Y=267
W=488
H=450

[Master Browser]
Active=1
Docked=0
X=318
Y=185
W=512
H=544

[Actor Browser]
ShowPackages=1
Active=1
Docked=1
X=330
Y=267
W=488
H=450

[Texture Browser]
Zoom=128
Active=1
Docked=1
X=330
Y=267
W=488
H=450
MRUItem0=

[Mesh Browser]
Active=1
Docked=1
X=330
Y=267
W=488
H=450

[CodeFrame]
Active=5898309
X=533
Y=326
W=622
H=607

